// DECATUR 02 DIM wishlist entries
// itemHash=1850748385
// barrelHash=202670084
// magazineHash=3142289711
// perk hashes: 2980589453, 2922950962, 243981275, 692399809, 3081867624, 3201496230

dimwishlist:item=1850748385&perks=202670084,3142289711,2980589453,2922950962,243981275,692399809,3081867624,3201496230
dimwishlist:item=1850748385&perks=202670084,2980589453,2922950962,243981275,692399809,3081867624,3201496230
dimwishlist:item=1850748385&perks=3142289711,2980589453,2922950962,243981275,692399809,3081867624,3201496230
dimwishlist:item=1850748385&perks=2980589453,2922950962,243981275,692399809,3081867624,3201496230

dimwishlist:item=1850748385&perks=202670084,3142289711,2980589453,2922950962,243981275,692399809,3081867624
dimwishlist:item=1850748385&perks=202670084,2980589453,2922950962,243981275,692399809,3081867624
dimwishlist:item=1850748385&perks=3142289711,2980589453,2922950962,243981275,692399809,3081867624
dimwishlist:item=1850748385&perks=2980589453,2922950962,243981275,692399809,3081867624

dimwishlist:item=1850748385&perks=202670084,3142289711,2980589453,2922950962,243981275,692399809,3201496230
dimwishlist:item=1850748385&perks=202670084,2980589453,2922950962,243981275,692399809,3201496230
dimwishlist:item=1850748385&perks=3142289711,2980589453,2922950962,243981275,692399809,3201496230
dimwishlist:item=1850748385&perks=2980589453,2922950962,243981275,692399809,3201496230

dimwishlist:item=1850748385&perks=202670084,3142289711,2980589453,2922950962,243981275,3081867624,3201496230
dimwishlist:item=1850748385&perks=202670084,2980589453,2922950962,243981275,3081867624,3201496230
dimwishlist:item=1850748385&perks=3142289711,2980589453,2922950962,243981275,3081867624,3201496230
dimwishlist:item=1850748385&perks=2980589453,2922950962,243981275,3081867624,3201496230

dimwishlist:item=1850748385&perks=202670084,3142289711,2980589453,2922950962,692399809,3081867624,3201496230
dimwishlist:item=1850748385&perks=202670084,2980589453,2922950962,692399809,3081867624,3201496230
dimwishlist:item=1850748385&perks=3142289711,2980589453,2922950962,692399809,3081867624,3201496230
dimwishlist:item=1850748385&perks=2980589453,2922950962,692399809,3081867624,3201496230

dimwishlist:item=1850748385&perks=202670084,3142289711,2980589453,243981275,692399809,3081867624,3201496230
dimwishlist:item=1850748385&perks=202670084,2980589453,243981275,692399809,3081867624,3201496230
dimwishlist:item=1850748385&perks=3142289711,2980589453,243981275,692399809,3081867624,3201496230
dimwishlist:item=1850748385&perks=2980589453,243981275,692399809,3081867624,3201496230

dimwishlist:item=1850748385&perks=202670084,3142289711,2922950962,243981275,692399809,3081867624,3201496230
dimwishlist:item=1850748385&perks=202670084,2922950962,243981275,692399809,3081867624,3201496230
dimwishlist:item=1850748385&perks=3142289711,2922950962,243981275,692399809,3081867624,3201496230
dimwishlist:item=1850748385&perks=2922950962,243981275,692399809,3081867624,3201496230

dimwishlist:item=1850748385&perks=202670084,3142289711,2980589453,2922950962,243981275,692399809
dimwishlist:item=1850748385&perks=202670084,2980589453,2922950962,243981275,692399809
dimwishlist:item=1850748385&perks=3142289711,2980589453,2922950962,243981275,692399809
dimwishlist:item=1850748385&perks=2980589453,2922950962,243981275,692399809

dimwishlist:item=1850748385&perks=202670084,3142289711,2980589453,2922950962,243981275,3081867624
dimwishlist:item=1850748385&perks=202670084,2980589453,2922950962,243981275,3081867624
dimwishlist:item=1850748385&perks=3142289711,2980589453,2922950962,243981275,3081867624
dimwishlist:item=1850748385&perks=2980589453,2922950962,243981275,3081867624

dimwishlist:item=1850748385&perks=202670084,3142289711,2980589453,2922950962,243981275,3201496230
dimwishlist:item=1850748385&perks=202670084,2980589453,2922950962,243981275,3201496230
dimwishlist:item=1850748385&perks=3142289711,2980589453,2922950962,243981275,3201496230
dimwishlist:item=1850748385&perks=2980589453,2922950962,243981275,3201496230

dimwishlist:item=1850748385&perks=202670084,3142289711,2980589453,2922950962,692399809,3081867624
dimwishlist:item=1850748385&perks=202670084,2980589453,2922950962,692399809,3081867624
dimwishlist:item=1850748385&perks=3142289711,2980589453,2922950962,692399809,3081867624
dimwishlist:item=1850748385&perks=2980589453,2922950962,692399809,3081867624

dimwishlist:item=1850748385&perks=202670084,3142289711,2980589453,2922950962,692399809,3201496230
dimwishlist:item=1850748385&perks=202670084,2980589453,2922950962,692399809,3201496230
dimwishlist:item=1850748385&perks=3142289711,2980589453,2922950962,692399809,3201496230
dimwishlist:item=1850748385&perks=2980589453,2922950962,692399809,3201496230

dimwishlist:item=1850748385&perks=202670084,3142289711,2980589453,2922950962,3081867624,3201496230
dimwishlist:item=1850748385&perks=202670084,2980589453,2922950962,3081867624,3201496230
dimwishlist:item=1850748385&perks=3142289711,2980589453,2922950962,3081867624,3201496230
dimwishlist:item=1850748385&perks=2980589453,2922950962,3081867624,3201496230

dimwishlist:item=1850748385&perks=202670084,3142289711,2980589453,243981275,692399809,3081867624
dimwishlist:item=1850748385&perks=202670084,2980589453,243981275,692399809,3081867624
dimwishlist:item=1850748385&perks=3142289711,2980589453,243981275,692399809,3081867624
dimwishlist:item=1850748385&perks=2980589453,243981275,692399809,3081867624

dimwishlist:item=1850748385&perks=202670084,3142289711,2980589453,243981275,692399809,3201496230
dimwishlist:item=1850748385&perks=202670084,2980589453,243981275,692399809,3201496230
dimwishlist:item=1850748385&perks=3142289711,2980589453,243981275,692399809,3201496230
dimwishlist:item=1850748385&perks=2980589453,243981275,692399809,3201496230

dimwishlist:item=1850748385&perks=202670084,3142289711,2980589453,243981275,3081867624,3201496230
dimwishlist:item=1850748385&perks=202670084,2980589453,243981275,3081867624,3201496230
dimwishlist:item=1850748385&perks=3142289711,2980589453,243981275,3081867624,3201496230
dimwishlist:item=1850748385&perks=2980589453,243981275,3081867624,3201496230

dimwishlist:item=1850748385&perks=202670084,3142289711,2980589453,692399809,3081867624,3201496230
dimwishlist:item=1850748385&perks=202670084,2980589453,692399809,3081867624,3201496230
dimwishlist:item=1850748385&perks=3142289711,2980589453,692399809,3081867624,3201496230
dimwishlist:item=1850748385&perks=2980589453,692399809,3081867624,3201496230

dimwishlist:item=1850748385&perks=202670084,3142289711,2922950962,243981275,692399809,3081867624
dimwishlist:item=1850748385&perks=202670084,2922950962,243981275,692399809,3081867624
dimwishlist:item=1850748385&perks=3142289711,2922950962,243981275,692399809,3081867624
dimwishlist:item=1850748385&perks=2922950962,243981275,692399809,3081867624

dimwishlist:item=1850748385&perks=202670084,3142289711,2922950962,243981275,692399809,3201496230
dimwishlist:item=1850748385&perks=202670084,2922950962,243981275,692399809,3201496230
dimwishlist:item=1850748385&perks=3142289711,2922950962,243981275,692399809,3201496230
dimwishlist:item=1850748385&perks=2922950962,243981275,692399809,3201496230

dimwishlist:item=1850748385&perks=202670084,3142289711,2922950962,243981275,3081867624,3201496230
dimwishlist:item=1850748385&perks=202670084,2922950962,243981275,3081867624,3201496230
dimwishlist:item=1850748385&perks=3142289711,2922950962,243981275,3081867624,3201496230
dimwishlist:item=1850748385&perks=2922950962,243981275,3081867624,3201496230

dimwishlist:item=1850748385&perks=202670084,3142289711,2922950962,692399809,3081867624,3201496230
dimwishlist:item=1850748385&perks=202670084,2922950962,692399809,3081867624,3201496230
dimwishlist:item=1850748385&perks=3142289711,2922950962,692399809,3081867624,3201496230
dimwishlist:item=1850748385&perks=2922950962,692399809,3081867624,3201496230

dimwishlist:item=1850748385&perks=202670084,3142289711,243981275,692399809,3081867624,3201496230
dimwishlist:item=1850748385&perks=202670084,243981275,692399809,3081867624,3201496230
dimwishlist:item=1850748385&perks=3142289711,243981275,692399809,3081867624,3201496230
dimwishlist:item=1850748385&perks=243981275,692399809,3081867624,3201496230

dimwishlist:item=1850748385&perks=202670084,3142289711,2980589453,2922950962,243981275
dimwishlist:item=1850748385&perks=202670084,2980589453,2922950962,243981275
dimwishlist:item=1850748385&perks=3142289711,2980589453,2922950962,243981275
dimwishlist:item=1850748385&perks=2980589453,2922950962,243981275

dimwishlist:item=1850748385&perks=202670084,3142289711,2980589453,2922950962,692399809
dimwishlist:item=1850748385&perks=202670084,2980589453,2922950962,692399809
dimwishlist:item=1850748385&perks=3142289711,2980589453,2922950962,692399809
dimwishlist:item=1850748385&perks=2980589453,2922950962,692399809

dimwishlist:item=1850748385&perks=202670084,3142289711,2980589453,2922950962,3081867624
dimwishlist:item=1850748385&perks=202670084,2980589453,2922950962,3081867624
dimwishlist:item=1850748385&perks=3142289711,2980589453,2922950962,3081867624
dimwishlist:item=1850748385&perks=2980589453,2922950962,3081867624

dimwishlist:item=1850748385&perks=202670084,3142289711,2980589453,2922950962,3201496230
dimwishlist:item=1850748385&perks=202670084,2980589453,2922950962,3201496230
dimwishlist:item=1850748385&perks=3142289711,2980589453,2922950962,3201496230
dimwishlist:item=1850748385&perks=2980589453,2922950962,3201496230

dimwishlist:item=1850748385&perks=202670084,3142289711,2980589453,243981275,692399809
dimwishlist:item=1850748385&perks=202670084,2980589453,243981275,692399809
dimwishlist:item=1850748385&perks=3142289711,2980589453,243981275,692399809
dimwishlist:item=1850748385&perks=2980589453,243981275,692399809

dimwishlist:item=1850748385&perks=202670084,3142289711,2980589453,243981275,3081867624
dimwishlist:item=1850748385&perks=202670084,2980589453,243981275,3081867624
dimwishlist:item=1850748385&perks=3142289711,2980589453,243981275,3081867624
dimwishlist:item=1850748385&perks=2980589453,243981275,3081867624

dimwishlist:item=1850748385&perks=202670084,3142289711,2980589453,243981275,3201496230
dimwishlist:item=1850748385&perks=202670084,2980589453,243981275,3201496230
dimwishlist:item=1850748385&perks=3142289711,2980589453,243981275,3201496230
dimwishlist:item=1850748385&perks=2980589453,243981275,3201496230

dimwishlist:item=1850748385&perks=202670084,3142289711,2980589453,692399809,3081867624
dimwishlist:item=1850748385&perks=202670084,2980589453,692399809,3081867624
dimwishlist:item=1850748385&perks=3142289711,2980589453,692399809,3081867624
dimwishlist:item=1850748385&perks=2980589453,692399809,3081867624

dimwishlist:item=1850748385&perks=202670084,3142289711,2980589453,692399809,3201496230
dimwishlist:item=1850748385&perks=202670084,2980589453,692399809,3201496230
dimwishlist:item=1850748385&perks=3142289711,2980589453,692399809,3201496230
dimwishlist:item=1850748385&perks=2980589453,692399809,3201496230

dimwishlist:item=1850748385&perks=202670084,3142289711,2980589453,3081867624,3201496230
dimwishlist:item=1850748385&perks=202670084,2980589453,3081867624,3201496230
dimwishlist:item=1850748385&perks=3142289711,2980589453,3081867624,3201496230
dimwishlist:item=1850748385&perks=2980589453,3081867624,3201496230

dimwishlist:item=1850748385&perks=202670084,3142289711,2922950962,243981275,692399809
dimwishlist:item=1850748385&perks=202670084,2922950962,243981275,692399809
dimwishlist:item=1850748385&perks=3142289711,2922950962,243981275,692399809
dimwishlist:item=1850748385&perks=2922950962,243981275,692399809

dimwishlist:item=1850748385&perks=202670084,3142289711,2922950962,243981275,3081867624
dimwishlist:item=1850748385&perks=202670084,2922950962,243981275,3081867624
dimwishlist:item=1850748385&perks=3142289711,2922950962,243981275,3081867624
dimwishlist:item=1850748385&perks=2922950962,243981275,3081867624

dimwishlist:item=1850748385&perks=202670084,3142289711,2922950962,243981275,3201496230
dimwishlist:item=1850748385&perks=202670084,2922950962,243981275,3201496230
dimwishlist:item=1850748385&perks=3142289711,2922950962,243981275,3201496230
dimwishlist:item=1850748385&perks=2922950962,243981275,3201496230

dimwishlist:item=1850748385&perks=202670084,3142289711,2922950962,692399809,3081867624
dimwishlist:item=1850748385&perks=202670084,2922950962,692399809,3081867624
dimwishlist:item=1850748385&perks=3142289711,2922950962,692399809,3081867624
dimwishlist:item=1850748385&perks=2922950962,692399809,3081867624

dimwishlist:item=1850748385&perks=202670084,3142289711,2922950962,692399809,3201496230
dimwishlist:item=1850748385&perks=202670084,2922950962,692399809,3201496230
dimwishlist:item=1850748385&perks=3142289711,2922950962,692399809,3201496230
dimwishlist:item=1850748385&perks=2922950962,692399809,3201496230

dimwishlist:item=1850748385&perks=202670084,3142289711,2922950962,3081867624,3201496230
dimwishlist:item=1850748385&perks=202670084,2922950962,3081867624,3201496230
dimwishlist:item=1850748385&perks=3142289711,2922950962,3081867624,3201496230
dimwishlist:item=1850748385&perks=2922950962,3081867624,3201496230

dimwishlist:item=1850748385&perks=202670084,3142289711,243981275,692399809,3081867624
dimwishlist:item=1850748385&perks=202670084,243981275,692399809,3081867624
dimwishlist:item=1850748385&perks=3142289711,243981275,692399809,3081867624
dimwishlist:item=1850748385&perks=243981275,692399809,3081867624

dimwishlist:item=1850748385&perks=202670084,3142289711,243981275,692399809,3201496230
dimwishlist:item=1850748385&perks=202670084,243981275,692399809,3201496230
dimwishlist:item=1850748385&perks=3142289711,243981275,692399809,3201496230
dimwishlist:item=1850748385&perks=243981275,692399809,3201496230

dimwishlist:item=1850748385&perks=202670084,3142289711,243981275,3081867624,3201496230
dimwishlist:item=1850748385&perks=202670084,243981275,3081867624,3201496230
dimwishlist:item=1850748385&perks=3142289711,243981275,3081867624,3201496230
dimwishlist:item=1850748385&perks=243981275,3081867624,3201496230

dimwishlist:item=1850748385&perks=202670084,3142289711,692399809,3081867624,3201496230
dimwishlist:item=1850748385&perks=202670084,692399809,3081867624,3201496230
dimwishlist:item=1850748385&perks=3142289711,692399809,3081867624,3201496230
dimwishlist:item=1850748385&perks=692399809,3081867624,3201496230

dimwishlist:item=1850748385&perks=202670084,3142289711,2980589453,2922950962
dimwishlist:item=1850748385&perks=202670084,2980589453,2922950962
dimwishlist:item=1850748385&perks=3142289711,2980589453,2922950962
dimwishlist:item=1850748385&perks=2980589453,2922950962

dimwishlist:item=1850748385&perks=202670084,3142289711,2980589453,243981275
dimwishlist:item=1850748385&perks=202670084,2980589453,243981275
dimwishlist:item=1850748385&perks=3142289711,2980589453,243981275
dimwishlist:item=1850748385&perks=2980589453,243981275

dimwishlist:item=1850748385&perks=202670084,3142289711,2980589453,692399809
dimwishlist:item=1850748385&perks=202670084,2980589453,692399809
dimwishlist:item=1850748385&perks=3142289711,2980589453,692399809
dimwishlist:item=1850748385&perks=2980589453,692399809

dimwishlist:item=1850748385&perks=202670084,3142289711,2980589453,3081867624
dimwishlist:item=1850748385&perks=202670084,2980589453,3081867624
dimwishlist:item=1850748385&perks=3142289711,2980589453,3081867624
dimwishlist:item=1850748385&perks=2980589453,3081867624

dimwishlist:item=1850748385&perks=202670084,3142289711,2980589453,3201496230
dimwishlist:item=1850748385&perks=202670084,2980589453,3201496230
dimwishlist:item=1850748385&perks=3142289711,2980589453,3201496230
dimwishlist:item=1850748385&perks=2980589453,3201496230

dimwishlist:item=1850748385&perks=202670084,3142289711,2922950962,243981275
dimwishlist:item=1850748385&perks=202670084,2922950962,243981275
dimwishlist:item=1850748385&perks=3142289711,2922950962,243981275
dimwishlist:item=1850748385&perks=2922950962,243981275

dimwishlist:item=1850748385&perks=202670084,3142289711,2922950962,692399809
dimwishlist:item=1850748385&perks=202670084,2922950962,692399809
dimwishlist:item=1850748385&perks=3142289711,2922950962,692399809
dimwishlist:item=1850748385&perks=2922950962,692399809

dimwishlist:item=1850748385&perks=202670084,3142289711,2922950962,3081867624
dimwishlist:item=1850748385&perks=202670084,2922950962,3081867624
dimwishlist:item=1850748385&perks=3142289711,2922950962,3081867624
dimwishlist:item=1850748385&perks=2922950962,3081867624

dimwishlist:item=1850748385&perks=202670084,3142289711,2922950962,3201496230
dimwishlist:item=1850748385&perks=202670084,2922950962,3201496230
dimwishlist:item=1850748385&perks=3142289711,2922950962,3201496230
dimwishlist:item=1850748385&perks=2922950962,3201496230

dimwishlist:item=1850748385&perks=202670084,3142289711,243981275,692399809
dimwishlist:item=1850748385&perks=202670084,243981275,692399809
dimwishlist:item=1850748385&perks=3142289711,243981275,692399809
dimwishlist:item=1850748385&perks=243981275,692399809

dimwishlist:item=1850748385&perks=202670084,3142289711,243981275,3081867624
dimwishlist:item=1850748385&perks=202670084,243981275,3081867624
dimwishlist:item=1850748385&perks=3142289711,243981275,3081867624
dimwishlist:item=1850748385&perks=243981275,3081867624

dimwishlist:item=1850748385&perks=202670084,3142289711,243981275,3201496230
dimwishlist:item=1850748385&perks=202670084,243981275,3201496230
dimwishlist:item=1850748385&perks=3142289711,243981275,3201496230
dimwishlist:item=1850748385&perks=243981275,3201496230

dimwishlist:item=1850748385&perks=202670084,3142289711,692399809,3081867624
dimwishlist:item=1850748385&perks=202670084,692399809,3081867624
dimwishlist:item=1850748385&perks=3142289711,692399809,3081867624
dimwishlist:item=1850748385&perks=692399809,3081867624

dimwishlist:item=1850748385&perks=202670084,3142289711,692399809,3201496230
dimwishlist:item=1850748385&perks=202670084,692399809,3201496230
dimwishlist:item=1850748385&perks=3142289711,692399809,3201496230
dimwishlist:item=1850748385&perks=692399809,3201496230

dimwishlist:item=1850748385&perks=202670084,3142289711,3081867624,3201496230
dimwishlist:item=1850748385&perks=202670084,3081867624,3201496230
dimwishlist:item=1850748385&perks=3142289711,3081867624,3201496230
dimwishlist:item=1850748385&perks=3081867624,3201496230

dimwishlist:item=1850748385&perks=202670084,3142289711,2980589453
dimwishlist:item=1850748385&perks=202670084,2980589453
dimwishlist:item=1850748385&perks=3142289711,2980589453
dimwishlist:item=1850748385&perks=2980589453

dimwishlist:item=1850748385&perks=202670084,3142289711,2922950962
dimwishlist:item=1850748385&perks=202670084,2922950962
dimwishlist:item=1850748385&perks=3142289711,2922950962
dimwishlist:item=1850748385&perks=2922950962

dimwishlist:item=1850748385&perks=202670084,3142289711,243981275
dimwishlist:item=1850748385&perks=202670084,243981275
dimwishlist:item=1850748385&perks=3142289711,243981275
dimwishlist:item=1850748385&perks=243981275

dimwishlist:item=1850748385&perks=202670084,3142289711,692399809
dimwishlist:item=1850748385&perks=202670084,692399809
dimwishlist:item=1850748385&perks=3142289711,692399809
dimwishlist:item=1850748385&perks=692399809

dimwishlist:item=1850748385&perks=202670084,3142289711,3081867624
dimwishlist:item=1850748385&perks=202670084,3081867624
dimwishlist:item=1850748385&perks=3142289711,3081867624
dimwishlist:item=1850748385&perks=3081867624

dimwishlist:item=1850748385&perks=202670084,3142289711,3201496230
dimwishlist:item=1850748385&perks=202670084,3201496230
dimwishlist:item=1850748385&perks=3142289711,3201496230
dimwishlist:item=1850748385&perks=3201496230
